 <pre>

 Contingency table for Low clouds (octas)
 Selection: Ireland     27 stations
Period: 20200203-20200217
Used {12} + 01 02 ... 24
 Limits    1.00000000       2.00000000       3.00000000       4.00000000       5.00000000       6.00000000       7.00000000    
 Each class is data <= limit, the very last > last limit
 Total number of values        8706
                                              OBSERVATION
                                    807      206      217      167      171      160      281      131 |      2140
                                     96       56       57       59       39       30       74       29 |       440
                                     75       32       52       42       38       44       60       21 |       364
                      RFRMIN25       73       39       32       30       34       20       71       21 |       320
                                     68       33       36       32       35       33       73       26 |       336
                                     58       42       53       42       42       57       82       21 |       397
                                     86       67       61       74       67       56      140       45 |       596
                                    320      268      321      309      352      420     1386      737 |      4113

                    SUM            1583      743      829      755      778      820     2167     1031 |      8706
                                              OBSERVATION
                                   1056      331      351      283      280      279      500      208 |      3288
                                     54       43       46       37       38       37       70       22 |       347
                                     43       37       38       20       29       19       64       14 |       264
                       RFRMIN1       42       18       26       36       34       19       43       21 |       239
                                     40       25       26       27       23       24       62       14 |       241
                                     38       21       25       27       24       29       67       26 |       257
                                     54       38       42       46       34       47      118       36 |       415
                                    256      230      275      279      316      366     1243      690 |      3655

                    SUM            1583      743      829      755      778      820     2167     1031 |      8706
                                              OBSERVATION
                                   1067      353      390      303      303      275      510      184 |      3385
                                     52       33       42       41       27       36       60       21 |       312
                                     44       23       39       35       31       28       55       21 |       276
                  RFRMIN1_Wopt       36       15       35       12       21       27       59       22 |       227
                                     41       16       25       25       27       20       54       17 |       225
                                     42       27       31       25       24       26       71       16 |       262
                                     48       24       34       41       32       43      111       46 |       379
                                    253      252      233      273      313      365     1247      704 |      3640

                    SUM            1583      743      829      755      778      820     2167     1031 |      8706

