 <pre>

 Contingency table for Cloud cover (octas)
 Selection: ALL     32 stations
Period: 20200203-20200217
Used {00,12} + 01 02 ... 24
 Limits   0.500000000       1.50000000       2.50000000       3.50000000       4.50000000       5.50000000       6.50000000       7.50000000    
 Each class is data <= limit, the very last > last limit
 Total number of values       13865
                                                       OBSERVATION
                                    339      594      211      180       86       93      104      102       61 |      1770
                                     47      129      110      114       68       80       86       86       39 |       759
                                     21       77       66       74       52       41       59       69       29 |       488
                                     14       57       49       55       46       46       55       63       27 |       412
                      RFRMIN25       11       42       36       53       27       42       47       65       22 |       345
                                     11       48       52       49       42       48       48       91       29 |       418
                                     16       42       42       64       49       74       81      107       33 |       508
                                     24       62       80       95       74       99      119      222       84 |       859
                                     48      183      258      374      375      530      982     2924     2632 |      8306

                    SUM             531     1234      904     1058      819     1053     1581     3729     2956 |     13865
                                                       OBSERVATION
                                    419      812      392      369      182      225      249      260      121 |      3029
                                     15       79       69       93       63       76       70      132       53 |       650
                                     12       37       43       42       46       36       47       63       25 |       351
                                      6       28       32       41       32       49       44       57       27 |       316
                       RFRMIN1       10       26       33       29       30       33       39       68       29 |       297
                                      3       25       27       41       31       29       55       75       25 |       311
                                     10       29       37       47       29       47       71       87       45 |       402
                                     13       35       45       59       51       72      114      178       67 |       634
                                     43      163      226      337      355      486      892     2809     2564 |      7875

                    SUM             531     1234      904     1058      819     1053     1581     3729     2956 |     13865
                                                       OBSERVATION
                                    419      844      409      382      206      231      250      273      118 |      3132
                                     13       69       65       88       60       72       82      107       51 |       607
                                     10       38       35       59       44       41       52       74       27 |       380
                                      7       28       24       33       22       37       50       70       17 |       288
                  RFRMIN1_Wopt        6       29       26       29       33       45       34       61       28 |       291
                                     14       34       33       37       29       38       51       67       30 |       333
                                      5       24       44       40       34       38       70       89       39 |       383
                                     16       38       53       65       48       83       97      191       60 |       651
                                     41      130      215      325      343      468      895     2797     2586 |      7800

                    SUM             531     1234      904     1058      819     1053     1581     3729     2956 |     13865

