 <pre>

 Contingency table for Low clouds (octas)
 Selection: ALL    143 stations
Period: 20200203-20200217
Used {00} + 01 02 ... 24
 Limits    1.00000000       2.00000000       3.00000000       4.00000000       5.00000000       6.00000000       7.00000000    
 Each class is data <= limit, the very last > last limit
 Total number of values       41661
                                              OBSERVATION
                                   4944     1256     1051      836      672      595      891      495 |     10740
                                    563      300      264      233      198      180      280      133 |      2151
                                    406      213      196      176      162      182      236       77 |      1648
                      RFRMIN25      342      174      197      156      171      148      196       81 |      1465
                                    330      180      189      192      141      151      237       78 |      1498
                                    369      198      227      212      189      173      264      105 |      1737
                                    465      312      329      286      275      288      451      205 |      2611
                                   1550     1769     1913     1894     2102     2564     5070     2949 |     19811

                    SUM            8969     4402     4366     3985     3910     4281     7625     4123 |     41661
                                              OBSERVATION
                                   6334     2010     1765     1392     1235     1117     1604      821 |     16278
                                    302      193      162      170      154      153      231       65 |      1430
                                    196      146      159      120      121      130      191       79 |      1142
                       RFRMIN1      211      105      121      142      110       87      171       53 |      1000
                                    172      108      101      113      110       98      175       57 |       934
                                    187      108      133      114      104      129      206       70 |      1051
                                    252      182      210      182      165      174      298      125 |      1588
                                   1315     1550     1715     1752     1911     2393     4749     2853 |     18238

                    SUM            8969     4402     4366     3985     3910     4281     7625     4123 |     41661
                                              OBSERVATION
                                   6438     2012     1790     1495     1281     1152     1619      755 |     16542
                                    281      194      198      174      144      164      244       67 |      1466
                                    201      119      136      112      113      130      194       70 |      1075
                  RFRMIN1_Wopt      170      112      125       97       98       96      164       63 |       925
                                    166       94       98      101      102      100      165       58 |       884
                                    179      118      135      117      117      118      182       86 |      1052
                                    260      185      198      170      152      193      291      121 |      1570
                                   1274     1568     1686     1719     1903     2328     4766     2903 |     18147

                    SUM            8969     4402     4366     3985     3910     4281     7625     4123 |     41661

