 <pre>

 Contingency table for Low clouds (octas)
 Selection: Ireland     27 stations
Period: 20200203-20200217
Used {00,12} + 01 02 ... 24
 Limits    1.00000000       2.00000000       3.00000000       4.00000000       5.00000000       6.00000000       7.00000000    
 Each class is data <= limit, the very last > last limit
 Total number of values       17391
                                              OBSERVATION
                                   1647      430      431      344      337      275      546      237 |      4247
                                    190      109      106      110       81       81      168       57 |       902
                                    158       70       95       75       66       82      130       41 |       717
                      RFRMIN25      138       67       73       61       62       57      122       40 |       620
                                    122       65       72       78       70       71      148       48 |       674
                                    117       79       97       92       94      104      162       50 |       795
                                    178      126      135      131      121      135      275      105 |      1206
                                    652      558      655      615      702      828     2750     1470 |      8230

                    SUM            3202     1504     1664     1506     1533     1633     4301     2048 |     17391
                                              OBSERVATION
                                   2144      702      707      575      527      517      979      391 |      6542
                                    111       73       83       77       78       83      141       44 |       690
                                     75       59       79       48       63       50      119       35 |       528
                       RFRMIN1       84       42       48       68       56       34      101       37 |       470
                                     74       42       43       52       49       54      122       28 |       464
                                     66       35       45       51       45       63      128       49 |       482
                                    115       83       92       87       70       94      212       74 |       827
                                    533      468      567      548      645      738     2499     1390 |      7388

                    SUM            3202     1504     1664     1506     1533     1633     4301     2048 |     17391
                                              OBSERVATION
                                   2128      714      751      597      602      518     1012      358 |      6680
                                    110       66       92       81       55       90      124       40 |       658
                                     89       44       63       57       59       55      116       35 |       518
                  RFRMIN1_Wopt       72       40       54       29       39       56      109       37 |       436
                                     77       36       45       49       49       38      110       38 |       442
                                     81       53       65       47       54       46      143       41 |       530
                                     98       58       76       76       70       90      206       83 |       757
                                    547      493      518      570      605      740     2481     1416 |      7370

                    SUM            3202     1504     1664     1506     1533     1633     4301     2048 |     17391

