 <pre>

 Contingency table for Low clouds (octas)
 Selection: ALL    143 stations
Period: 20200203-20200217
Used {00,12} + 01 02 ... 24
 Limits    1.00000000       2.00000000       3.00000000       4.00000000       5.00000000       6.00000000       7.00000000    
 Each class is data <= limit, the very last > last limit
 Total number of values       83237
                                              OBSERVATION
                                   9830     2414     2087     1654     1350     1226     1738      951 |     21250
                                   1136      558      516      453      386      342      511      243 |      4145
                                    832      435      426      352      343      350      459      167 |      3364
                      RFRMIN25      703      375      386      306      320      283      441      170 |      2984
                                    665      369      399      344      273      284      471      183 |      2988
                                    717      419      453      418      354      351      537      204 |      3453
                                    950      658      627      592      549      540      918      388 |      5222
                                   3117     3574     3814     3844     4253     5175    10135     5919 |     39831

                    SUM           17950     8802     8708     7963     7828     8551    15210     8225 |     83237
                                              OBSERVATION
                                  12641     3912     3478     2775     2450     2264     3235     1607 |     32362
                                    615      404      366      337      317      305      448      145 |      2937
                                    415      282      304      236      251      241      373      148 |      2250
                       RFRMIN1      423      246      255      275      221      195      311      116 |      2042
                                    355      221      238      242      217      191      359      124 |      1947
                                    384      223      247      248      217      243      408      157 |      2127
                                    492      359      409      359      318      348      622      245 |      3152
                                   2625     3155     3411     3491     3837     4764     9454     5683 |     36420

                    SUM           17950     8802     8708     7963     7828     8551    15210     8225 |     83237
                                              OBSERVATION
                                  12844     4003     3636     2917     2537     2340     3264     1478 |     33019
                                    572      365      387      359      307      303      454      142 |      2889
                                    418      246      289      251      219      257      364      141 |      2185
                  RFRMIN1_Wopt      372      207      248      201      201      217      338      139 |      1923
                                    340      215      212      193      201      196      323      120 |      1800
                                    368      253      269      232      229      231      382      152 |      2116
                                    491      356      361      349      332      356      590      266 |      3101
                                   2545     3157     3306     3461     3802     4651     9495     5787 |     36204

                    SUM           17950     8802     8708     7963     7828     8551    15210     8225 |     83237

