 <pre>

 Contingency table for Low clouds (octas)
 Selection: ALL    143 stations
Period: 20200203-20200217
Used {12} + 01 02 ... 24
 Limits    1.00000000       2.00000000       3.00000000       4.00000000       5.00000000       6.00000000       7.00000000    
 Each class is data <= limit, the very last > last limit
 Total number of values       41576
                                              OBSERVATION
                                   4886     1158     1036      818      678      631      847      456 |     10510
                                    573      258      252      220      188      162      231      110 |      1994
                                    426      222      230      176      181      168      223       90 |      1716
                      RFRMIN25      361      201      189      150      149      135      245       89 |      1519
                                    335      189      210      152      132      133      234      105 |      1490
                                    348      221      226      206      165      178      273       99 |      1716
                                    485      346      298      306      274      252      467      183 |      2611
                                   1567     1805     1901     1950     2151     2611     5065     2970 |     20020

                    SUM            8981     4400     4342     3978     3918     4270     7585     4102 |     41576
                                              OBSERVATION
                                   6307     1902     1713     1383     1215     1147     1631      786 |     16084
                                    313      211      204      167      163      152      217       80 |      1507
                                    219      136      145      116      130      111      182       69 |      1108
                       RFRMIN1      212      141      134      133      111      108      140       63 |      1042
                                    183      113      137      129      107       93      184       67 |      1013
                                    197      115      114      134      113      114      202       87 |      1076
                                    240      177      199      177      153      174      324      120 |      1564
                                   1310     1605     1696     1739     1926     2371     4705     2830 |     18182

                    SUM            8981     4400     4342     3978     3918     4270     7585     4102 |     41576
                                              OBSERVATION
                                   6406     1991     1846     1422     1256     1188     1645      723 |     16477
                                    291      171      189      185      163      139      210       75 |      1423
                                    217      127      153      139      106      127      170       71 |      1110
                  RFRMIN1_Wopt      202       95      123      104      103      121      174       76 |       998
                                    174      121      114       92       99       96      158       62 |       916
                                    189      135      134      115      112      113      200       66 |      1064
                                    231      171      163      179      180      163      299      145 |      1531
                                   1271     1589     1620     1742     1899     2323     4729     2884 |     18057

                    SUM            8981     4400     4342     3978     3918     4270     7585     4102 |     41576

