 <pre>

 Contingency table for Low clouds (octas)
 Selection: Ireland     27 stations
Period: 20200203-20200217
Used {00} + 01 02 ... 24
 Limits    1.00000000       2.00000000       3.00000000       4.00000000       5.00000000       6.00000000       7.00000000    
 Each class is data <= limit, the very last > last limit
 Total number of values        8685
                                              OBSERVATION
                                    840      224      214      177      166      115      265      106 |      2107
                                     94       53       49       51       42       51       94       28 |       462
                                     83       38       43       33       28       38       70       20 |       353
                      RFRMIN25       65       28       41       31       28       37       51       19 |       300
                                     54       32       36       46       35       38       75       22 |       338
                                     59       37       44       50       52       47       80       29 |       398
                                     92       59       74       57       54       79      135       60 |       610
                                    332      290      334      306      350      408     1364      733 |      4117

                    SUM            1619      761      835      751      755      813     2134     1017 |      8685
                                              OBSERVATION
                                   1088      371      356      292      247      238      479      183 |      3254
                                     57       30       37       40       40       46       71       22 |       343
                                     32       22       41       28       34       31       55       21 |       264
                       RFRMIN1       42       24       22       32       22       15       58       16 |       231
                                     34       17       17       25       26       30       60       14 |       223
                                     28       14       20       24       21       34       61       23 |       225
                                     61       45       50       41       36       47       94       38 |       412
                                    277      238      292      269      329      372     1256      700 |      3733

                    SUM            1619      761      835      751      755      813     2134     1017 |      8685
                                              OBSERVATION
                                   1061      361      361      294      299      243      502      174 |      3295
                                     58       33       50       40       28       54       64       19 |       346
                                     45       21       24       22       28       27       61       14 |       242
                  RFRMIN1_Wopt       36       25       19       17       18       29       50       15 |       209
                                     36       20       20       24       22       18       56       21 |       217
                                     39       26       34       22       30       20       72       25 |       268
                                     50       34       42       35       38       47       95       37 |       378
                                    294      241      285      297      292      375     1234      712 |      3730

                    SUM            1619      761      835      751      755      813     2134     1017 |      8685

