 <pre>

 Contingency table for Cloud base (m)
 Selection: ALL    143 stations
Period: 20200203-20200217
Used {00} + 03 06 09 12 15 18 21 24
 Limits    70.0000000       150.000000       300.000000       600.000000       1000.00000       1500.00000       2500.00000       5000.00000    
 Each class is data <= limit, the very last > last limit
 Total number of values       12929
                                                       OBSERVATION
                                     91       73       58       21       14        8        0        0        6 |       271
                                     28       96       81       49        9        7        3        0        1 |       274
                                     30      125      312      245       44       20        2        6        4 |       788
                                     19       62      294     1094      505      180       37       32       19 |      2242
                      RFRMIN25        6       15       84      495     1059      516       69       93       52 |      2389
                                      3        8       63      221      420      501       47       85       46 |      1394
                                      2       11       44      138      205      224       71       61        9 |       765
                                      3        9       45      164      242      210       89      191       28 |       981
                                     63       46      128      561     1085      830      126      429      557 |      3825

                    SUM             245      445     1109     2988     3583     2496      444      897      722 |     12929
                                                       OBSERVATION
                                     91       83       57       26       13        6        0        6       10 |       292
                                     33       93       92       51       14        6        3        1        2 |       295
                                     27      118      288      230       48       19        1        4        5 |       740
                                     18       61      268      940      378      128       22       18       13 |      1846
                       RFRMIN1        3        9       86      446      813      369       52       65       23 |      1866
                                      3       13       61      220      432      469       51       65       30 |      1344
                                      1        9       57      148      227      239       53       55       10 |       799
                                      2       13       51      206      258      259      110      193       30 |      1122
                                     67       46      149      721     1400     1001      152      490      599 |      4625

                    SUM             245      445     1109     2988     3583     2496      444      897      722 |     12929
                                                       OBSERVATION
                                     93       81       56       29        9       10        2        3        7 |       290
                                     33       94       90       54       12        9        2        2        2 |       298
                                     26      126      287      240       35       27        2        4        4 |       751
                                     20       60      281      913      401      122       30       14       13 |      1854
                  RFRMIN1_Wopt        3        9       79      448      880      406       37       63       29 |      1954
                                      2        9       57      222      365      431       38       73       30 |      1227
                                      1       12       49      149      209      200       61       42        4 |       727
                                      2       14       56      215      279      250      114      214       33 |      1177
                                     65       40      154      718     1393     1041      158      482      600 |      4651

                    SUM             245      445     1109     2988     3583     2496      444      897      722 |     12929

